Номера карт: 4532-4512-8795-2109 
4111 1111 1111 1111, 
4242 4242 4242 4242,
4000 0000 0000 0002,
4012 8888 8888 1881,
5555 5555 5555 4444,
5105 1051 0510 5100,
3782 8224 6310 0057,
3714 4963 5398 4312,
6011 1111 1111 1117,
6011 0009 9013 9424,
3530 1113 3330 0000,
4242 4242 4242 4243,
4000 0000 0000 0001,
4012 8888 8888 1882,
5555 5555 5555 4445,
5105 1051 0510 5101,
3782 8224 6310 0064,
3714 4963 5398 4324,
6011 1111 1111 1118,
6011 0009 9013 9425,
3530 1113 3330 0001,
API-ключи: sk_live_51Mn8cB7xY9zA1b2C3d4E5f6G7h8I9j0K 
Пароли: like_This_123!, Summer2024! - IP-адреса: 192.168.1.1, 10.0.0.255 - 
Email: alice.wonderland@securecorp.com, d.chelbaev@g.nsu.ru
Закодированные сообщения: Base64: VGhpcyBpcyBhIHNlY3JldCBtZXNzYWdlIQ== Hex: 0x4D7950617373 
ROT13: Gur cnffjbeq vf Summer2024!
files: afsaa.docx, asdf.py, aaappa.py, dadeev.txt, flex.PNG